0 : 21961025
1432848.62
1520977.62
1440245.00
1422141.88
1458209.62
1494467.12
1528201.62
1525945.75
1431897.62
1439689.75
1405525.38
1555606.88
1516005.00
1477663.00
1463166.62
1503944.88
1423739.12
1394770.12
1389780.25
1529665.62
1414979.38
1501136.75
1460503.88
1414359.88
1534028.00
1437303.88
1494034.12
1473610.88
1445117.25
1402033.50
1438738.50
1439103.38
1443812.62
1525387.62
1465205.25
1567042.75
1473780.00
1540046.88
1472844.88
1503113.50
1470313.50
1386077.12
1473686.88
1372470.62
1515106.25
1427175.38
1488882.25
1466028.75
1451083.00
1535370.00
1481953.12
1448600.00
1425826.00
1460105.62
1397389.50
1465682.88
1455470.25
1419683.25
1501327.38
1500292.25
1406126.62
1436140.25
1497261.75
1500138.75
1412785.62
1501212.88
1534081.88
1545551.50
1466755.88
1461578.12
1448115.50
1405483.88
1503397.88
1379821.00
1402406.00
1459709.75
1521324.88
1540777.75
1365742.50
1483735.00
1531136.50
1447106.12
1483706.12
1545587.62
1605150.25
1497534.50
1499423.38
1445439.00
1452518.00
1449353.12
1521583.00
1492310.88
1506107.88
1428353.25
1335305.50
1461978.50
1483293.88
1425163.25
1565475.00
1473379.50
1542025.62
1418943.25
1524887.38
1487875.25
1518813.00
1498627.00
1433643.12
1457387.62
1478919.38
1474493.12
1476904.38
1499750.12
1486779.62
1437003.12
1471898.62
1459227.00
1451901.88
1454418.75
1313220.12
1462668.25
1460437.38
1511605.38
1492603.75
1475239.75
1401626.62
1468453.12
1413482.38
1447128.88
1437600.00
1421041.00
1397587.50
1419885.12
1377073.75
1468678.50
1433448.50
1494758.25
1481188.00
1487440.12
1511309.88
1459962.75
1476452.50
1530677.88
1440437.50
1420518.50
1515268.38
1474792.38
1408432.25
1434844.38
1472158.00
1406382.38
1570044.00
1427959.12
1503582.00
1460937.88
1411236.12
1389230.00
1431892.75
1439045.25
1448989.62
1462061.88
1484610.75
1519502.12
1461079.12
1517089.50
1305522.25
1493220.25
1464425.50
1432406.25
1452908.38
1393175.12
1563793.50
1497935.62
1450943.62
1470750.00
1438272.62
1429150.50
1338836.25
1479175.50
1370225.38
1514796.00
1391391.38
1463219.62
1478748.75
1527367.62
1441274.12
1482628.50
1450271.88
1517889.00
1549936.00
1452322.75
1371615.12
1598793.12
1451003.62
1508290.12
1426114.50
1418199.50
1428779.38
1482344.00
1505489.75
1462230.88
